>> A =

   1   2   3
   4   5   6
   7   8   9

ans = 6
A =

    1   10    3
    4    5    6
    7    8    9

Sum= 18.000000
>> B =

   1   0   0
   0   1   0
   0   0   1

B =

   5   5   5
   5   5   5
   5   5   5

C =

    5   50   15
   20   25   30
   35   40   45


>> A =

   1   0   0
   0   1   0
   0   0   1

B =

   5   5   5
   5   5   5
   5   5   5

C =

   5   0   0
   0   5   0
   0   0   5


>> matrix2
A =

   1   2   3
   4   5   6
   7   8   9

ans =

   4   5   6

ans = 9
ans =

   2   3
   5   6
   8   9

B =

   1   2
   7   8

C =

   7   8   9
   4   5   6
   1   2   3

ans =

   1   4   7
   2   5   8
   3   6   9

A =

   1   2   3
   4   5   6

ans =

   2   3

>> B =

   1   0   0
   0   1   0
   0   0   1

C =

   5   5   5
   5   5   5
   5   5   5

C =

   5   0   0
   0   5   0
   0   0   5

ans =

   5   0   0
   0   5   0
   0   0   5


>> B =

   1   0   0
   0   1   0
   0   0   1

C =

   5   5   5
   5   5   5
   5   5   5

C =

   5   0   0
   0   5   0
   0   0   5

ans =

   5   0   0
   0   5   0
   0   0   5


>> error: source: error sourcing file 'N:/MatLab/Code/22235103143_p3.m'
>> error: source: error sourcing file 'N:/MatLab/Code/22235103143_p3.m'
>> error: source: error sourcing file 'N:/MatLab/Code/22235103143_p3.m'
>> error: source: error sourcing file 'N:/MatLab/Code/22235103143_p3.m'
>> Enter a number: Enter a number: 5
120

1

>> Enter a number: 5
result = 120

>> error: source: error sourcing file 'N:/MatLab/Code/22235103143_p4.m'
>> error: source: error sourcing file 'N:/MatLab/Code/22235103143_p4.m'
>> error: source: error sourcing file 'N:/MatLab/Code/22235103143_p4.m'
>> error: source: error sourcing file 'N:/MatLab/Code/22235103143_p4.m'
>> error: source: error sourcing file 'N:/MatLab/Code/22235103143_p4.m'
>> e
ans = 2.7183
>> 3
ans = 3
>> Enter number-1: 4
Enter number-2: 5
Enter number-3: 6
6.000000 is greatererror: value on right hand side of assignment is undefined
error: called from
    N:/MatLab/Code/22235103143_p4.m at line 18 column 7
>> Enter number-1: 3
Enter number-2: 5
Enter number-3: 9
9.000000 is greater
error: value on right hand side of assignment is undefined
error: called from
    N:/MatLab/Code/22235103143_p4.m at line 18 column 7
>> Enter number-1: Enter number-1: Enter number-1: 3
Enter number-2: 3
Enter number-3: 6
6.000000 is greater
error: value on right hand side of assignment is undefined
error: called from
    N:/MatLab/Code/22235103143_p4.m at line 17 column 7
    N:/MatLab/Code/22235103143_p4.m at line 1 column 3
>> 